Id,Success,Retry,RequestTime,StartTime,EndTime,Duration,Latency
22782,true,0,1743251599437,1743251599437,1743251602918,3481,3481
41291,true,0,1743251599437,1743251602918,1743251606450,3532,7013
54439,true,0,1743251599437,1743251606450,1743251614845,8395,15408
42816,true,0,1743251599437,1743251614846,1743251623207,8361,23770
49615,true,0,1743251599437,1743251623207,1743251626748,3541,27311
15545,true,0,1743251599437,1743251626748,1743251631430,4682,31993
20839,true,0,1743251599437,1743251631430,1743251634957,3527,35520
9566,true,0,1743251599437,1743251634959,1743251647713,12754,48276
4086,true,0,1743251599437,1743251647713,1743251651175,3462,51738
56698,true,0,1743251599437,1743251651175,1743251654624,3449,55187
10152,true,0,1743251599437,1743251654624,1743251658129,3505,58692
25680,true,0,1743251599437,1743251658129,1743251661564,3435,62127
43080,true,0,1743251599437,1743251661564,1743251665076,3512,65639
669,true,0,1743251599437,1743251665076,1743251675994,10918,76557
7579,true,0,1743251599437,1743251675994,1743251678957,2963,79520
56093,true,0,1743251599437,1743251678957,1743251688995,10038,89558
39290,true,0,1743251599437,1743251688996,1743251695115,6119,95678
50900,true,0,1743251599437,1743251695115,1743251709761,14646,110324
37220,true,0,1743251599437,1743251709761,1743251714556,4795,115119
52714,true,0,1743251599437,1743251714556,1743251718786,4230,119349
7930,true,0,1743251599437,1743251718786,1743251722255,3469,122818
30051,true,0,1743251599437,1743251722255,1743251725821,3566,126384
35078,true,0,1743251599437,1743251725827,1743251728553,2726,129116
1606,true,0,1743251599437,1743251728553,1743251732030,3477,132593
35408,true,0,1743251599437,1743251732030,1743251736648,4618,137211
12126,true,0,1743251599437,1743251736648,1743251740151,3503,140714
26437,true,0,1743251599437,1743251740151,1743251743635,3484,144198
13227,true,0,1743251599437,1743251743635,1743251747177,3542,147740
29415,true,0,1743251599437,1743251747177,1743251751432,4255,151995
43515,true,0,1743251599437,1743251751432,1743251754951,3519,155514
16872,true,0,1743251599437,1743251754953,1743251759026,4073,159589
43390,true,0,1743251599437,1743251759027,1743251763280,4253,163843
28639,true,0,1743251599437,1743251763281,1743251766863,3582,167426
30615,true,0,1743251599437,1743251766864,1743251770347,3483,170910
57029,true,0,1743251599437,1743251770347,1743251785245,14898,185808
37483,true,0,1743251599437,1743251785245,1743251788509,3264,189072
13561,true,0,1743251599437,1743251788509,1743251791886,3377,192449
10350,true,0,1743251599437,1743251791886,1743251795357,3471,195920
23034,true,0,1743251599437,1743251795358,1743251802275,6917,202838
25671,true,0,1743251599437,1743251802275,1743251806802,4527,207365
39460,true,0,1743251599437,1743251806804,1743251811068,4264,211631
53495,true,0,1743251599437,1743251811068,1743251823117,12049,223680
4601,true,0,1743251599437,1743251823117,1743251826977,3860,227540
4835,true,0,1743251599437,1743251826977,1743251830448,3471,231011
10168,true,0,1743251599437,1743251830448,1743251833897,3449,234460
29746,true,0,1743251599437,1743251833897,1743251837284,3387,237847
26850,true,0,1743251599437,1743251837284,1743251840692,3408,241255
4683,true,0,1743251599437,1743251840692,1743251846327,5635,246890
894,true,0,1743251599437,1743251846327,1743251850059,3732,250622
15747,true,0,1743251599437,1743251850059,1743251853646,3587,254209
59102,true,0,1743251599437,1743251853647,1743251857094,3447,257657
6773,true,0,1743251599437,1743251857095,1743251861729,4634,262292
398,true,0,1743251599437,1743251861731,1743251865287,3556,265850
15243,true,0,1743251599437,1743251865288,1743251868796,3508,269359
20139,true,0,1743251599437,1743251868796,1743251883121,14325,283684
14312,true,0,1743251599437,1743251883121,1743251886677,3556,287240
41016,true,0,1743251599437,1743251886677,1743251890151,3474,290714
36760,true,0,1743251599437,1743251890151,1743251893570,3419,294133
20651,true,0,1743251599437,1743251893570,1743251901882,8312,302445
42075,true,0,1743251599437,1743251901882,1743251905431,3549,305994
40182,true,0,1743251599437,1743251905431,1743251908861,3430,309424
34248,true,0,1743251599437,1743251908861,1743251912297,3436,312860
9114,true,0,1743251599437,1743251912299,1743251913988,1689,314551
58788,true,0,1743251599437,1743251913989,1743251917516,3527,318079
20977,true,0,1743251599437,1743251917516,1743251925751,8235,326314
30722,true,0,1743251599437,1743251925751,1743251929634,3883,330197
6156,true,0,1743251599437,1743251929635,1743251933019,3384,333582
42083,true,0,1743251599437,1743251933019,1743251936391,3372,336954
53160,true,0,1743251599437,1743251936391,1743251945346,8955,345909
1596,true,0,1743251599437,1743251945346,1743251955397,10051,355960
33491,true,0,1743251599437,1743251955397,1743251958796,3399,359359
50187,true,0,1743251599437,1743251958796,1743251963024,4228,363587
58022,true,0,1743251599437,1743251963024,1743251966520,3496,367083
21414,true,0,1743251599437,1743251966520,1743251970008,3488,370571
22245,true,0,1743251599437,1743251970008,1743251973460,3452,374023
3942,true,0,1743251599437,1743251973460,1743251980060,6600,380623
29416,true,0,1743251599437,1743251980060,1743251983522,3462,384085
28378,true,0,1743251599437,1743251983522,1743251991269,7747,391832
39628,true,0,1743251599437,1743251991269,1743251995904,4635,396467
17533,true,0,1743251599437,1743251995904,1743252010400,14496,410963
28821,true,0,1743251599437,1743252010400,1743252013912,3512,414475
18622,true,0,1743251599437,1743252013912,1743252017643,3731,418206
991,true,0,1743251599437,1743252017643,1743252023425,5782,423988
54593,true,0,1743251599437,1743252023425,1743252027634,4209,428197
6082,true,0,1743251599437,1743252027634,1743252032999,5365,433562
10362,true,0,1743251599437,1743252032999,1743252036481,3482,437044
43533,true,0,1743251599437,1743252036481,1743252044663,8182,445226
13513,true,0,1743251599437,1743252044663,1743252049254,4591,449817
21579,true,0,1743251599437,1743252049254,1743252052725,3471,453288
23007,true,0,1743251599437,1743252052725,1743252058999,6274,459562
30676,true,0,1743251599437,1743252058999,1743252063287,4288,463850
48504,true,0,1743251599437,1743252063287,1743252073412,10125,473975
6728,true,0,1743251599437,1743252073412,1743252076872,3460,477435
2174,true,0,1743251599437,1743252076872,1743252081338,4466,481901
2232,true,0,1743251599437,1743252081338,1743252084869,3531,485432
38872,true,0,1743251599437,1743252084876,1743252088301,3425,488864
55800,true,0,1743251599437,1743252088302,1743252091707,3405,492270
42452,true,0,1743251599437,1743252091707,1743252098687,6980,499250
10901,true,0,1743251599437,1743252098687,1743252102113,3426,502676
31418,true,0,1743251599437,1743252102113,1743252107529,5416,508092
