Id,Success,Retry,RequestTime,StartTime,EndTime,Duration,Latency
22782,true,0,1743497451286,1743497451286,1743497454669,3383,3383
41291,true,0,1743497451286,1743497454669,1743497457780,3111,6494
54439,true,0,1743497451286,1743497457780,1743497465069,7289,13783
42816,true,0,1743497451286,1743497465069,1743497472439,7370,21153
49615,true,0,1743497451286,1743497472439,1743497475555,3116,24269
15545,true,0,1743497451286,1743497475555,1743497480351,4796,29065
20839,true,0,1743497451286,1743497480351,1743497483487,3136,32201
9566,true,0,1743497451286,1743497483487,1743497496527,13040,45241
4086,true,0,1743497451286,1743497496527,1743497499677,3150,48391
56698,true,0,1743497451286,1743497499677,1743497502769,3092,51483
10152,true,0,1743497451286,1743497502769,1743497505819,3050,54533
25680,true,0,1743497451286,1743497505819,1743497508864,3045,57578
43080,true,0,1743497451286,1743497508864,1743497511950,3086,60664
669,true,0,1743497451286,1743497511950,1743497523037,11087,71751
7579,true,0,1743497451286,1743497523037,1743497525607,2570,74321
56093,true,0,1743497451286,1743497525607,1743497535542,9935,84256
39290,true,0,1743497451286,1743497535542,1743497541876,6334,90590
50900,true,0,1743497451286,1743497541901,1743497553783,11882,102497
37220,true,0,1743497451286,1743497553783,1743497558468,4685,107182
52714,true,0,1743497451286,1743497558471,1743497562359,3888,111073
7930,true,0,1743497451286,1743497562359,1743497565425,3066,114139
30051,true,0,1743497451286,1743497565425,1743497568458,3033,117172
35078,true,0,1743497451286,1743497568458,1743497571223,2765,119937
1606,true,0,1743497451286,1743497571223,1743497574274,3051,122988
35408,true,0,1743497451286,1743497574275,1743497578838,4563,127552
12126,true,0,1743497451286,1743497578838,1743497581968,3130,130682
26437,true,0,1743497451286,1743497581971,1743497585057,3086,133771
13227,true,0,1743497451286,1743497585058,1743497588163,3105,136877
29415,true,0,1743497451286,1743497588164,1743497592313,4149,141027
43515,true,0,1743497451286,1743497592314,1743497595390,3076,144104
16872,true,0,1743497451286,1743497595390,1743497599243,3853,147957
43390,true,0,1743497451286,1743497599243,1743497603407,4164,152121
28639,true,0,1743497451286,1743497603407,1743497606523,3116,155237
30615,true,0,1743497451286,1743497606524,1743497609584,3060,158298
57029,true,0,1743497451286,1743497609584,1743497623665,14081,172379
37483,true,0,1743497451286,1743497623665,1743497626749,3084,175463
13561,true,0,1743497451286,1743497626749,1743497629813,3064,178527
10350,true,0,1743497451286,1743497629814,1743497632891,3077,181605
23034,true,0,1743497451286,1743497632891,1743497639366,6475,188080
25671,true,0,1743497451286,1743497639366,1743497643285,3919,191999
39460,true,0,1743497451286,1743497643286,1743497647441,4155,196155
53495,true,0,1743497451286,1743497647441,1743497659462,12021,208176
4601,true,0,1743497451286,1743497659462,1743497663217,3755,211931
4835,true,0,1743497451286,1743497663217,1743497666269,3052,214983
10168,true,0,1743497451286,1743497666269,1743497669290,3021,218004
29746,true,0,1743497451286,1743497669290,1743497672313,3023,221027
26850,true,0,1743497451286,1743497672313,1743497675340,3027,224054
4683,true,0,1743497451286,1743497675340,1743497680875,5535,229589
894,true,0,1743497451286,1743497680876,1743497683943,3067,232657
15747,true,0,1743497451286,1743497683943,1743497687004,3061,235718
59102,true,0,1743497451286,1743497687004,1743497690054,3050,238768
6773,true,0,1743497451286,1743497690054,1743497694690,4636,243404
398,true,0,1743497451286,1743497694690,1743497697786,3096,246500
15243,true,0,1743497451286,1743497697786,1743497700848,3062,249562
20139,true,0,1743497451286,1743497700848,1743497712136,11288,260850
14312,true,0,1743497451286,1743497712137,1743497715218,3081,263932
41016,true,0,1743497451286,1743497715218,1743497718283,3065,266997
36760,true,0,1743497451286,1743497718283,1743497721361,3078,270075
20651,true,0,1743497451286,1743497721361,1743497729634,8273,278348
42075,true,0,1743497451286,1743497729634,1743497732698,3064,281412
40182,true,0,1743497451286,1743497732698,1743497735761,3063,284475
34248,true,0,1743497451286,1743497735761,1743497738874,3113,287588
9114,true,0,1743497451286,1743497738874,1743497740481,1607,289195
58788,true,0,1743497451286,1743497740481,1743497743567,3086,292281
20977,true,0,1743497451286,1743497743567,1743497750866,7299,299580
30722,true,0,1743497451286,1743497750866,1743497754493,3627,303207
6156,true,0,1743497451286,1743497754493,1743497757645,3152,306359
42083,true,0,1743497451286,1743497757645,1743497760745,3100,309459
53160,true,0,1743497451286,1743497760745,1743497769772,9027,318486
1596,true,0,1743497451286,1743497769773,1743497779623,9850,328337
33491,true,0,1743497451286,1743497779623,1743497782607,2984,331321
50187,true,0,1743497451286,1743497782607,1743497786759,4152,335473
58022,true,0,1743497451286,1743497786759,1743497789789,3030,338503
21414,true,0,1743497451286,1743497789789,1743497792838,3049,341552
22245,true,0,1743497451286,1743497792838,1743497795901,3063,344615
3942,true,0,1743497451286,1743497795901,1743497802201,6300,350915
29416,true,0,1743497451286,1743497802202,1743497805274,3072,353988
28378,true,0,1743497451286,1743497805274,1743497812529,7255,361243
39628,true,0,1743497451286,1743497812529,1743497817115,4586,365829
17533,true,0,1743497451286,1743497817115,1743497828914,11799,377628
28821,true,0,1743497451286,1743497828914,1743497831965,3051,380679
18622,true,0,1743497451286,1743497831965,1743497835006,3041,383720
991,true,0,1743497451286,1743497835007,1743497840204,5197,388918
54593,true,0,1743497451286,1743497840204,1743497844383,4179,393097
6082,true,0,1743497451286,1743497844385,1743497849667,5282,398381
10362,true,0,1743497451286,1743497849667,1743497852752,3085,401466
43533,true,0,1743497451286,1743497852753,1743497860165,7412,408879
13513,true,0,1743497451286,1743497860165,1743497864707,4542,413421
21579,true,0,1743497451286,1743497864707,1743497867814,3107,416528
23007,true,0,1743497451286,1743497867814,1743497873348,5534,422062
30676,true,0,1743497451286,1743497873348,1743497877558,4210,426272
48504,true,0,1743497451286,1743497877558,1743497887488,9930,436202
6728,true,0,1743497451286,1743497887488,1743497890633,3145,439347
2174,true,0,1743497451286,1743497890636,1743497895041,4405,443755
2232,true,0,1743497451286,1743497895041,1743497898119,3078,446833
38872,true,0,1743497451286,1743497898119,1743497901208,3089,449922
55800,true,0,1743497451286,1743497901208,1743497904271,3063,452985
42452,true,0,1743497451286,1743497904273,1743497911286,7013,460000
10901,true,0,1743497451286,1743497911286,1743497914353,3067,463067
31418,true,0,1743497451286,1743497914353,1743497919792,5439,468506
